fist_I = [[60, 90, 90, 90, 90] [0.086 0.066 0.066 0.066 0.066]];
first_O = 0;
palm_I = [[10 4 0 3 1] [0.64 0.8 1 0.96 0.99]];
palm_O = 0.102;
ok_I = [[60 45 25 15 5] [0.086 0.12 0.24 0.455 0.96]];
ok_O = 0.2078;
good_I = [[0 85 84 90 89] [1 0.07 0.07 0.066 0.066]];
good_O = 0.3073;
one_I = [[85 0 70 80 90] [0.07 1 0.08 0.072 0.066]];
one_O = 0.4;
c_I = [[50 40 20 17 5] [0.1 0.14 0.27 0.3 0.96]];
c_O = 0.5761;
d_I = [[78 0 45 40 31] [0.072 1 0.12 0.14 0.2]]; 
d_O = 0.6609;
i_I = [[80 80 80 80 10] [0.072 0.072 0.072 0.072 0.64]];
i_O = 0.7733;
rock_I = [[70 10 75 80 20] [0.08 0.64 0.077 0.072 0.27]];
rock_O = 0.8898;
two_I = [[80 0 10 70 80] [0.072 1 0.64 0.08 0.072]];
two_O = 1;


